-43.936	30.589	-15.101
-43.762	31.205	-13.998
-43.636	31.084	-14.475
-43.722	30.204	-13.491
-43.899	29.667	-14.634
-43.588	29.899	-13.874
-43.226	29.264	-13.907
-43.617	29.174	-14.659
-43.332	29.073	-14.469
-43.197	28.595	-15.421
-43.504	28.774	-15.456
-42.95	28.281	-15.869
-43.267	28.725	-16.6
-43.751	29.119	-16.024
-43.242	28.572	-17.075
-43.272	29.318	-17.451
-43.779	29.805	-16.37
-43.303	29.607	-17.045
-43.041	30.472	-16.979
-43.575	30.478	-16.318
-43.282	30.632	-16.452
-43.416	31.107	-15.497
-43.688	30.876	-15.519
-43.317	31.453	-15.013
-42.29	31.465	-16.122
-42.105	31.837	-15.685
-41.974	31.368	-16.624
-41.199	31.442	-16.552
-41.331	31.911	-15.614
-40.394	31.754	-15.996
-40.384	31.77	-15.977
-41.32	31.928	-15.594
-40.711	31.972	-15.552
-40.906	32.061	-12.804
-41.516	32.016	-12.846
-41.971	31.992	-12.623
-40.859	30.835	-12.186
-41.931	30.957	-12.1
-41.469	30.791	-12.228
-40.585	28.691	-13.893
-41.195	28.646	-13.935
-40.258	28.488	-14.317
-40.27	28.482	-14.343
-41.206	28.64	-13.96
-41.075	28.17	-14.899
-41.841	28.108	-14.975
-41.972	28.578	-14.037
-42.166	28.434	-14.59
-39.747	28.204	-14.944
-40.553	27.892	-15.5
-39.59	27.732	-15.893
-40.144	27.35	-17.092
-41.106	27.511	-16.699
-40.166	27.303	-17.355
-40.311	27.344	-17.593
-41.292	27.563	-17.005
-41.573	27.591	-17.417
-40.275	28.001	-18.637
-41.535	28.304	-18.552
-40.284	28.247	-18.741
-40.289	28.373	-18.803
-41.539	28.41	-18.605
-40.195	28.817	-19.275
-40.797	30.488	-19.097
-42.047	29.822	-18.455
-40.796	30.747	-19.03
-40.821	30.825	-18.958
-42.073	29.907	-18.376
-41.884	30.305	-18.14
-40.258	31.649	-18.028
-41.161	31.364	-16.944
-40.105	31.648	-17.809
-39.969	31.667	-17.637
-41.025	31.383	-16.772
-40.22	31.695	-16.216
-39.66	31.806	-17.585
-39.911	31.834	-16.164
-39.116	32.101	-17.376
-38.905	32.23	-17.209
-39.7	31.963	-15.998
-38.737	32.312	-17.018
-38.025	32.365	-16.445
-38.784	32.031	-15.261
-36.876	32.876	-14.982
-36.921	32.894	-14.695
-38.838	32.053	-14.922
-39.165	32.255	-14.497
-36.35	31.638	-13.657
-38.488	30.768	-13.268
-38.161	30.566	-13.692
-36.253	31.481	-13.726
-38.047	30.38	-13.774
-36.654	30.458	-14.261
-36.636	30.168	-14.281
-38.024	30.008	-13.799
-36.48	29.951	-14.273
-36.76	28.654	-15.029
-38.303	28.711	-14.555
-37.654	28.215	-15.494
-38.226	27.853	-15.749
-38.98	28.283	-14.856
-38.823	27.811	-15.805
-37.587	27.564	-17.347
-38.067	27.469	-17.697
-37.09	27.718	-17.691
-37.147	27.954	-18.29
-38.124	27.705	-18.296
-37.654	28.09	-19.395
-38.096	28.044	-19.633
-38.692	27.645	-18.603
-38.532	28.049	-19.602
-39.004	28.066	-19.692
-39.25	27.665	-18.709
-39.471	27.548	-18.612
-39.78	28.532	-19.773
-40.185	27.976	-18.687
-40.169	28.216	-18.805
-39.878	28.662	-19.773
-40.285	28.37	-18.805
-40.191	28.814	-19.277
-39.409	30.22	-20.56
-39.636	30.659	-20.208
-38.7	31.359	-21.825
-38.104	32.596	-20.943
-39.04	31.896	-19.327
-38.495	32.191	-19.117
-38.033	32.66	-20.914
-38.425	32.254	-19.088
-37.942	32.393	-19.432
-37.729	32.683	-19.084
-38.172	32.597	-18.675
-37.154	34.501	-19.112
-36.89	34.639	-18.122
-37.86	32.76	-17.503
-37.925	32.724	-17.246
-36.885	34.639	-18.116
-37.92	32.724	-17.241
-36.542	33.853	-16.971
-36.505	33.624	-16.283
-37.886	32.514	-16.608
-36.725	33.037	-15.159
-36.228	34.059	-16.002
-36.448	33.472	-14.878
-36.043	35.135	-15.771
-35.777	35.323	-15.268
-36.223	33.631	-14.454
-35.471	35.359	-14.7
-35.278	35.326	-14.273
-36.06	33.603	-14.092
-35.16	35.135	-14.127
-34.303	34.678	-13.598
-35.129	33.107	-13.517
-33.206	34.359	-12.663
-32.652	33.616	-12.822
-34.576	32.364	-13.675
-33.355	32.431	-14.178
-33.363	32.076	-14.243
-34.583	32.009	-13.741
-34.039	31.945	-14.166
-34.373	31.243	-14.398
-34.878	31.388	-13.946
-34.876	30.213	-14.509
-36.228	30.199	-14.222
-36.021	31.376	-13.704
-36.44	30.361	-14.241
-33.831	31.046	-14.904
-34.308	30.007	-15.04
-33.179	31.28	-14.897
-32.874	31.181	-15.815
-33.947	29.889	-16.126
-33.773	30.417	-16.364
-33.903	30.248	-17.013
-34.101	29.69	-16.895
-33.713	30.063	-18.341
-34.304	29.391	-18.733
-34.8	28.894	-17.36
-35.267	28.719	-18.086
-35.285	28.682	-18.066
-34.823	28.848	-17.334
-35.233	28.681	-17.803
-36.562	27.923	-16.373
-36.152	28.089	-15.904
-37.141	27.737	-16.234
-36.14	28.227	-18.524
-36.333	28.096	-18.392
-36.262	28.25	-19.808
-36.683	28.195	-19.847
-36.832	28.031	-18.438
-37.409	28.15	-19.51
-37.375	28.562	-21.046
-38.046	28.488	-20.614
-38.478	28.532	-20.667
-37.468	28.922	-21.286
-38.57	28.891	-20.907
-37.195	28.698	-23.069
-37.444	29.256	-21.632
-37.338	29.242	-21.799
-37.275	28.87	-23.135
-38.651	29.064	-20.974
-37.946	30.006	-22.186
-38.632	30.965	-21.891
-39.396	30.106	-20.654
-38.684	31.224	-21.936
-38.096	30.256	-22.579
-37.995	30.311	-22.821
-37.438	29.142	-23.563
-37.448	29.226	-23.707
-38.007	30.412	-22.992
-37.733	30.3	-23.566
-38.037	30.99	-23.846
-38.312	31.102	-23.272
-38.037	31.061	-24.103
-38.007	31.846	-24.242
-38.274	32.111	-23.449
-37.999	32.0	-24.023
-36.568	33.446	-23.619
-36.843	33.557	-23.045
-36.017	33.694	-23.764
-35.554	33.796	-23.272
-36.295	33.678	-22.463
-34.678	35.485	-23.405
-34.621	35.48	-23.319
-36.223	33.672	-22.352
-34.405	35.471	-22.107
-34.46	35.487	-21.802
-36.283	33.69	-22.024
-35.302	35.001	-20.547
-35.329	35.007	-20.534
-36.31	33.696	-22.011
-35.912	35.087	-20.388
-36.295	35.126	-20.318
-36.764	33.741	-21.928
-37.02	33.775	-21.995
-37.69	33.428	-21.447
-37.624	33.295	-21.224
-37.022	34.749	-19.724
-37.071	34.47	-19.424
-37.683	32.965	-20.869
-37.646	32.652	-19.395
-35.319	35.077	-20.53
-35.903	35.146	-20.385
-34.477	35.557	-21.786
-34.483	36.177	-21.596
-35.909	35.71	-20.213
-35.016	36.321	-20.361
-35.059	36.392	-20.316
-35.945	35.77	-20.175
-35.035	36.659	-20.328
-35.253	36.941	-20.04
-36.181	36.077	-19.862
-36.3	36.374	-19.564
-36.93	35.135	-17.904
-36.865	34.731	-18.059
-36.522	33.945	-16.913
-36.835	35.359	-17.679
-36.418	34.188	-16.669
-36.35	35.503	-16.433
-36.228	35.414	-15.92
-36.286	34.091	-16.112
-36.111	35.174	-15.901
-36.016	35.836	-15.421
-35.839	35.716	-15.26
-35.534	35.752	-14.691
-35.888	36.605	-15.539
-35.369	36.74	-14.842
-35.675	36.704	-15.411
-35.005	37.512	-15.822
-34.699	37.548	-15.254
-34.035	38.986	-15.077
-34.013	38.935	-14.638
-34.673	37.487	-14.734
-34.461	37.633	-14.661
-34.432	37.538	-14.398
-34.637	37.365	-14.396
-33.928	38.634	-13.989
-33.127	38.111	-13.229
-33.607	36.692	-13.419
-32.381	37.184	-12.915
-32.34	37.023	-12.853
-33.558	36.502	-13.345
-32.684	35.848	-12.455
-33.205	34.996	-12.466
-34.174	35.494	-13.358
-34.302	35.265	-13.416
-30.836	36.728	-12.424
-31.18	35.553	-12.026
-30.801	35.973	-12.426
-30.211	34.705	-12.888
-30.658	34.43	-12.435
-29.625	34.597	-13.241
-30.045	33.847	-13.934
-31.078	33.68	-13.128
-30.685	33.857	-13.672
-31.088	33.716	-13.979
-31.434	33.555	-13.4
-32.137	32.37	-14.756
-30.904	33.754	-14.302
-31.974	32.404	-15.042
-30.239	33.755	-14.492
-30.253	34.181	-15.493
-31.988	32.829	-16.043
-30.878	34.382	-17.405
-31.146	34.083	-17.939
-32.215	32.577	-16.495
-32.382	33.39	-17.289
-32.795	33.048	-17.571
-32.663	32.206	-16.801
-32.977	32.982	-17.755
-33.064	32.917	-17.778
-32.736	32.152	-16.82
-33.445	31.202	-18.697
-33.497	30.632	-18.389
-32.788	31.582	-16.512
-33.687	30.817	-17.062
-33.071	33.155	-18.242
-33.451	31.403	-19.089
-33.167	33.316	-18.867
-33.167	33.318	-18.887
-33.451	31.405	-19.106
-32.403	32.32	-20.481
-32.379	32.281	-20.489
-33.431	31.373	-19.112
-31.814	32.374	-20.46
-31.617	31.585	-20.784
-33.252	30.656	-19.406
-32.168	31.433	-20.837
-32.808	30.656	-21.653
-33.793	29.999	-20.096
-33.952	29.698	-22.028
-34.34	29.334	-21.945
-34.215	29.604	-20.006
-34.751	29.504	-20.433
-34.913	29.293	-20.161
-34.358	29.418	-19.766
-35.368	28.811	-20.364
-35.587	28.663	-19.845
-34.578	29.27	-19.246
-35.519	28.607	-18.558
-34.895	29.392	-20.462
-35.352	28.898	-20.631
-34.458	29.243	-21.969
-34.571	29.102	-22.082
-35.475	28.745	-20.754
-34.712	28.925	-22.224
-34.956	28.711	-22.369
-35.68	28.564	-20.877
-35.176	28.028	-22.78
-36.079	27.784	-22.971
-36.661	28.3	-21.084
-36.388	28.076	-22.867
-36.084	27.928	-24.827
-36.393	28.233	-24.883
-36.133	28.711	-25.987
-36.825	29.726	-25.771
-37.145	29.335	-24.648
-37.52	30.624	-24.752
-37.674	30.601	-24.508
-37.312	29.311	-24.383
-37.571	30.4	-24.366
-36.559	30.505	-26.275
-37.254	31.402	-25.256
-36.336	30.875	-26.343
-36.25	31.056	-26.357
-37.175	31.569	-25.269
-36.929	31.644	-25.344
-35.88	31.478	-26.382
-36.491	32.144	-25.374
-35.624	32.378	-25.823
-35.567	33.208	-25.278
-36.434	32.974	-24.83
-35.903	33.296	-24.787
-35.125	33.713	-24.981
-35.53	33.722	-24.535
-34.656	35.416	-24.568
-34.616	33.734	-25.502
-34.26	35.433	-24.974
-33.973	35.335	-25.163
-33.867	36.947	-23.475
-34.171	36.781	-23.561
-33.723	38.679	-22.202
-33.73	38.667	-22.183
-34.178	36.769	-23.542
-33.875	37.011	-22.374
-33.852	38.655	-21.959
-34.02	36.998	-22.106
-34.013	38.611	-21.643
-34.186	38.484	-21.199
-34.193	36.871	-21.662
-34.759	37.183	-20.418
-34.992	36.655	-20.365
-34.471	36.24	-21.598
-35.003	36.387	-20.363
-34.395	38.769	-20.854
-34.935	37.421	-20.129
-34.526	38.932	-20.565
-34.611	39.155	-19.873
-35.019	37.644	-19.437
-35.039	37.659	-19.171
-35.331	37.318	-19.26
-35.247	37.378	-19.507
-36.295	36.811	-19.03
-35.248	37.39	-18.279
-36.23	36.867	-18.268
-35.49	37.227	-17.317
-36.008	36.832	-16.841
-36.632	36.56	-17.897
-36.147	36.704	-16.651
-34.878	37.679	-18.137
-35.12	37.516	-17.175
-34.686	37.726	-17.568
-34.302	37.926	-17.126
-34.665	37.753	-16.652
-33.748	39.19	-15.778
-34.103	38.044	-17.317
-33.55	39.308	-15.969
-33.207	39.141	-16.442
-32.819	39.964	-16.313
-33.222	40.003	-15.86
-32.454	40.485	-16.466
-32.44	40.631	-16.327
-33.21	40.126	-15.743
-32.36	40.886	-16.348
-32.151	41.241	-15.653
-32.982	40.512	-14.989
-32.17	41.087	-15.434
-31.622	40.887	-14.474
-32.519	40.342	-14.178
-31.327	40.555	-13.571
-31.501	40.195	-13.146
-32.666	40.038	-13.818
-32.717	39.745	-13.497
-33.947	38.725	-14.21
-34.003	38.93	-14.592
-34.451	37.629	-14.619
-31.504	40.117	-13.041
-32.719	39.685	-13.416
-31.47	40.028	-12.792
-31.392	38.954	-12.359
-32.64	38.611	-12.983
-31.852	37.727	-12.649
-31.179	38.842	-12.21
-31.621	37.605	-12.486
-31.13	38.593	-12.293
-30.464	38.179	-12.127
-31.059	37.255	-12.346
-29.894	38.057	-11.849
-29.742	37.838	-11.861
-30.931	37.07	-12.356
-29.547	37.674	-11.78
-29.368	37.365	-11.874
-30.737	36.733	-12.458
-30.689	35.98	-12.465
-28.784	36.993	-12.197
-29.972	35.523	-12.861
-29.413	35.321	-13.216
-28.497	36.981	-12.349
-29.102	35.308	-13.382
-28.393	36.946	-12.593
-27.828	37.021	-13.344
-28.625	35.372	-14.017
-27.054	37.127	-13.619
-27.017	37.119	-13.726
-28.584	35.362	-14.133
-27.405	37.093	-13.927
-27.656	37.394	-15.013
-28.835	35.663	-15.22
-28.923	36.894	-15.435
-29.006	36.866	-15.564
-28.926	35.633	-15.36
-28.101	37.624	-16.634
-28.321	37.558	-16.874
-29.112	35.577	-15.563
-29.528	36.034	-17.488
-29.525	36.018	-17.493
-29.109	35.563	-15.567
-29.139	35.952	-17.906
-29.355	34.98	-18.046
-29.305	34.679	-15.694
-29.757	34.972	-17.643
-30.205	34.156	-19.159
-30.672	34.086	-18.84
-30.409	34.002	-19.71
-30.468	33.989	-19.726
-30.73	34.072	-18.856
-30.869	32.644	-20.497
-31.64	32.601	-20.408
-31.559	34.026	-18.76
-32.859	33.363	-18.213
-32.746	33.336	-17.976
-31.445	33.999	-18.523
-32.615	33.324	-17.743
-31.722	32.515	-20.424
-32.948	33.271	-18.231
-33.045	33.432	-18.856
-31.822	32.422	-20.454
-33.152	33.332	-18.888
-32.387	32.333	-20.482
-30.076	33.98	-19.924
-30.505	32.636	-20.68
-29.071	32.799	-20.793
-28.955	31.988	-21.254
-30.365	31.665	-21.231
-28.935	31.751	-21.52
-28.952	31.648	-21.631
-30.381	31.562	-21.341
-29.998	31.431	-21.795
-30.932	30.814	-22.289
-31.25	30.989	-21.801
-31.772	30.792	-21.932
-31.222	30.62	-22.982
-32.062	30.598	-22.625
-31.593	30.519	-23.434
-31.72	30.489	-23.505
-32.189	30.568	-22.695
-32.905	29.74	-23.697
-33.129	29.679	-23.487
-32.413	30.507	-22.485
-33.522	29.543	-22.986
-33.654	29.544	-22.698
-32.545	30.508	-22.197
-33.747	29.583	-22.451
-33.584	28.862	-24.067
-33.978	28.726	-23.566
-34.416	28.039	-23.71
-34.487	28.713	-25.561
-35.118	27.923	-24.872
-35.168	28.706	-26.032
-34.22	29.0	-26.039
-34.96	28.929	-26.405
-34.599	29.164	-26.484
-33.552	30.649	-26.612
-34.035	30.556	-26.968
-32.165	31.385	-26.881
-32.424	31.949	-26.885
-34.271	31.07	-26.971
-33.719	31.894	-26.519
-33.784	31.945	-26.534
-34.325	31.113	-26.984
-33.802	32.209	-26.575
-34.576	32.572	-26.478
-35.166	31.507	-26.879
-34.779	32.412	-26.41
-34.206	33.542	-25.945
-34.303	33.659	-25.725
-33.683	35.266	-25.37
-33.879	33.479	-26.075
-33.291	35.19	-25.525
-32.974	35.228	-25.683
-31.62	36.497	-25.041
-31.673	36.707	-24.757
-30.537	36.457	-24.462
-30.538	36.47	-24.447
-31.674	36.722	-24.739
-30.721	36.687	-24.23
-30.741	36.738	-24.189
-31.694	36.773	-24.699
-31.324	36.868	-24.254
-32.469	37.55	-23.619
-32.759	37.407	-24.108
-32.796	39.064	-22.732
-32.082	37.606	-23.551
-32.495	39.107	-22.68
-31.277	38.989	-22.808
-31.15	39.878	-22.41
-32.367	39.996	-22.282
-32.239	40.213	-22.029
-31.141	39.891	-22.398
-32.229	40.228	-22.015
-31.158	40.124	-22.128
-31.148	40.177	-22.086
-32.219	40.281	-21.972
-31.658	40.352	-21.818
-32.82	40.734	-19.416
-33.299	40.636	-19.739
-33.609	40.495	-19.632
-32.82	40.73	-19.41
-33.61	40.492	-19.627
-32.688	40.726	-18.848
-33.088	39.508	-18.223
-33.944	39.473	-19.105
-34.098	38.055	-17.606
-34.268	37.987	-17.689
-34.1	39.411	-19.181
-34.382	37.988	-18.28
-33.008	39.53	-18.038
-34.026	38.075	-17.438
-33.116	39.178	-16.585
-32.717	40.227	-17.863
-32.803	39.928	-16.397
-32.437	40.449	-16.55
-32.645	40.385	-17.906
-32.36	40.619	-16.596
-32.299	40.877	-16.557
-31.637	41.147	-18.335
-31.455	41.515	-16.916
-31.098	41.255	-18.119
-30.884	41.34	-18.068
-31.288	41.581	-16.876
-31.061	41.523	-17.007
-29.837	41.39	-17.902
-30.014	41.574	-16.841
-29.66	41.338	-17.329
-29.659	41.338	-17.328
-30.013	41.574	-16.84
-29.064	41.414	-17.359
-28.456	41.328	-16.22
-29.405	41.487	-15.701
-29.158	41.38	-15.162
-30.403	41.269	-14.185
-30.878	41.356	-14.545
-30.583	41.024	-13.642
-29.241	41.228	-14.049
-29.208	40.976	-13.481
-28.638	40.854	-13.203
-29.597	39.799	-11.696
-30.167	39.921	-11.973
-30.43	39.875	-11.961
-29.855	38.826	-11.592
-30.631	39.118	-11.881
-30.425	38.948	-11.87
-28.613	40.949	-14.721
-27.895	40.523	-13.997
-27.811	40.817	-15.697
-27.419	40.576	-15.72
-27.503	40.282	-14.02
-27.341	40.389	-15.611
-27.146	40.208	-15.609
-27.253	40.05	-14.018
-26.96	39.662	-14.379
-26.775	39.571	-14.154
-27.034	39.942	-13.752
-26.437	39.399	-13.936
-26.588	39.234	-14.638
-26.265	39.089	-14.381
-26.804	39.814	-15.848
-26.739	39.63	-15.962
-26.2	38.905	-14.496
-26.645	39.601	-16.172
-26.733	38.654	-16.475
-26.268	38.169	-14.732
-26.591	38.234	-15.019
-27.994	37.685	-16.497
-27.656	37.415	-15.037
-28.923	36.914	-15.458
-29.659	41.338	-17.329
-29.064	41.414	-17.36
-29.836	41.39	-17.902
-29.441	41.33	-18.461
-28.669	41.354	-17.919
-28.951	41.239	-18.779
-28.218	41.08	-18.998
-27.937	41.195	-18.138
-27.75	40.971	-18.627
-27.661	37.672	-17.957
-27.841	37.646	-17.418
-28.696	36.05	-18.407
-29.138	35.967	-17.908
-28.317	37.557	-16.881
-29.524	36.033	-17.494
-27.443	37.794	-18.9
-28.477	36.173	-19.35
-27.888	37.663	-19.292
-27.896	37.67	-19.388
-28.485	36.179	-19.44
-27.947	37.578	-19.987
-27.954	37.538	-20.093
-28.491	36.142	-19.538
-27.889	35.957	-20.921
-28.099	34.879	-20.912
-28.723	34.956	-19.528
-28.091	33.486	-20.936
-28.981	32.845	-20.753
-29.787	34.189	-19.309
-29.96	34.038	-19.872
-27.769	34.88	-21.172
-27.787	33.487	-21.176
-27.54	33.543	-21.427
-27.358	35.118	-21.901
-27.087	33.806	-22.23
-26.846	33.666	-22.453
-27.093	31.891	-23.47
-27.382	31.683	-23.446
-27.674	31.504	-24.468
-27.702	31.472	-24.454
-27.41	31.651	-23.432
-27.753	31.466	-23.867
-29.358	31.326	-22.072
-28.903	31.52	-21.764
-29.945	31.293	-21.937
-29.732	30.664	-23.859
-30.319	30.631	-23.724
-29.99	30.499	-24.804
-29.992	30.499	-24.804
-30.321	30.631	-23.725
-30.692	30.53	-24.176
-30.621	30.364	-25.499
-31.322	30.395	-24.871
-31.192	30.452	-25.441
-31.2	30.451	-25.443
-31.33	30.394	-24.873
-32.489	29.532	-25.027
-32.729	29.544	-24.112
-31.638	30.409	-23.697
-32.823	29.66	-23.889
-32.765	29.604	-25.62
-32.868	29.737	-25.828
-31.529	30.537	-26.152
-31.003	33.736	-26.624
-31.547	33.587	-26.487
-32.112	35.288	-25.838
-32.675	35.088	-25.75
-32.22	33.348	-26.381
-33.58	33.339	-26.142
-33.754	32.215	-26.566
-32.427	32.003	-26.889
-33.723	31.953	-26.524
-30.127	34.198	-26.127
-31.431	35.648	-25.452
-30.348	35.608	-24.873
-29.278	34.106	-25.799
-29.688	35.537	-24.618
-28.88	34.079	-25.373
-28.555	34.085	-25.011
-29.416	35.542	-24.316
-28.67	34.277	-24.466
-28.575	34.316	-24.29
-29.342	35.572	-24.179
-28.346	35.567	-23.351
-28.395	35.963	-23.297
-29.387	35.936	-24.129
-28.864	36.085	-23.457
-29.257	36.703	-23.378
-29.692	36.417	-24.068
-29.71	36.623	-23.777
-29.621	37.157	-23.091
-30.049	37.045	-23.51
-30.11	38.672	-22.786
-30.639	38.743	-22.948
-30.682	37.13	-23.703
-31.261	37.289	-23.731
-29.567	37.169	-23.063
-30.068	38.682	-22.765
-28.781	38.589	-22.631
-28.75	39.221	-22.616
-30.039	39.263	-22.751
-29.219	39.376	-22.495
-29.464	40.033	-22.244
-30.229	39.774	-22.556
-30.067	39.984	-22.317
-29.798	40.875	-21.084
-30.378	40.767	-21.238
-30.829	40.987	-20.907
-29.662	40.993	-20.367
-30.693	41.105	-20.19
-29.611	41.085	-19.768
-29.615	41.087	-19.758
-30.696	41.107	-20.18
-30.104	41.178	-19.44
-30.855	41.317	-18.853
-31.446	41.245	-19.593
-31.411	41.205	-19.018
-27.642	40.329	-20.437
-27.591	40.421	-19.838
-27.166	40.358	-19.407
-27.33	39.808	-20.553
-26.876	39.875	-19.515
-27.153	39.586	-20.975
-27.273	38.103	-20.737
-27.008	38.243	-19.254
-27.471	38.053	-20.271
-27.859	37.649	-20.006
-27.369	37.867	-19.007
-27.808	37.741	-19.407
-27.466	37.82	-20.877
-27.7	37.718	-20.436
-27.674	36.109	-21.211
-28.081	38.228	-22.584
-28.289	36.517	-22.918
-28.739	36.741	-23.008
-28.14	34.111	-24.101
-27.978	35.394	-23.191
-27.77	34.109	-23.649
-27.476	34.079	-23.418
-27.711	35.367	-22.981
-27.171	33.895	-23.447
-27.581	33.884	-23.774
-27.259	33.732	-23.746
-27.872	33.705	-24.797
-27.616	33.915	-23.77
-27.908	33.736	-24.792
-27.974	33.902	-24.23
-29.178	30.563	-25.036
-28.787	30.785	-24.663
-28.92	30.728	-24.092
-39.552	32.207	-13.078
-39.502	32.081	-12.89
-43.721	30.836	-14.535
-44.041	30.136	-14.842
-43.817	30.42	-14.299
-43.876	30.713	-13.717
-43.687	29.991	-14.107
-43.372	28.918	-16.527
-43.397	29.545	-16.843
-42.774	31.772	-15.391
-42.912	31.404	-15.848
-41.38	32.299	-15.115
-40.771	32.343	-15.073
-41.435	32.504	-14.544
-40.825	32.548	-14.502
-41.478	32.523	-13.937
-40.868	32.568	-13.895
-41.506	32.355	-13.352
-40.896	32.4	-13.31
-41.864	32.361	-13.347
-42.265	32.284	-13.045
-42.349	32.425	-13.848
-42.674	32.337	-13.469
-42.873	32.194	-14.251
-43.117	32.143	-13.809
-43.333	31.715	-14.475
-43.506	31.738	-13.998
-41.909	31.53	-12.255
-40.833	31.513	-12.369
-42.193	30.428	-12.107
-41.779	30.164	-12.236
-42.584	30.031	-12.302
-42.242	29.694	-12.467
-43.027	29.844	-12.646
-42.766	29.474	-12.874
-43.433	29.906	-13.07
-43.246	29.547	-13.377
-41.423	30.185	-12.255
-40.813	30.229	-12.213
-41.367	29.617	-12.468
-40.757	29.662	-12.426
-41.306	29.143	-12.845
-40.696	29.188	-12.803
-41.247	28.809	-13.35
-40.637	28.853	-13.308
-42.652	28.809	-13.893
-42.798	28.649	-14.456
-42.724	28.388	-14.977
-42.441	28.059	-15.391
-40.833	27.578	-16.058
-39.871	27.417	-16.451
-40.616	27.522	-17.035
-40.768	27.565	-17.284
-42.064	27.582	-16.618
-42.225	27.606	-17.091
-42.797	28.013	-16.468
-42.845	27.971	-16.964
-40.914	27.612	-17.509
-41.613	27.785	-18.089
-40.948	27.775	-18.072
-40.347	27.523	-18.211
-40.882	28.211	-18.461
-40.888	28.344	-18.526
-40.892	28.448	-18.578
-40.823	28.745	-18.773
-41.871	29.112	-18.759
-41.131	29.395	-18.915
-40.589	29.648	-19.458
-41.294	30.052	-18.634
-41.27	30.189	-18.568
-41.29	30.252	-18.51
-42.591	29.923	-18.119
-42.497	30.323	-17.835
-43.018	29.713	-17.789
-43.002	30.075	-17.445
-41.23	30.513	-18.423
-41.726	31.028	-17.591
-41.109	31.069	-18.001
-40.698	31.388	-18.531
-40.674	31.327	-17.504
-40.59	31.34	-17.379
-40.467	31.357	-17.223
-40.005	31.52	-16.908
-39.729	31.644	-16.861
-39.413	31.804	-16.741
-39.226	31.919	-16.592
-39.134	31.974	-16.484
-38.431	32.026	-15.918
-38.04	31.957	-15.077
-37.343	32.265	-14.975
-38.076	31.971	-14.854
-37.376	32.278	-14.772
-39.325	32.16	-15.347
-39.652	32.362	-14.922
-39.86	32.062	-15.713
-40.187	32.264	-15.288
-38.547	32.01	-14.453
-37.883	32.049	-14.477
-37.303	32.365	-14.563
-39.04	32.152	-13.681
-38.472	31.949	-13.964
-37.83	32.005	-14.129
-37.239	32.312	-14.144
-36.816	32.807	-14.006
-38.764	31.548	-13.182
-38.307	31.586	-13.664
-37.712	31.748	-13.916
-37.097	32.001	-13.887
-36.583	32.297	-13.584
-38.141	31.118	-13.716
-37.594	31.415	-13.952
-36.955	31.601	-13.931
-38.659	30.128	-13.094
-38.332	29.926	-13.519
-39.003	29.537	-13.077
-38.676	29.334	-13.502
-39.478	29.065	-13.219
-39.151	28.863	-13.644
-40.028	28.771	-13.502
-39.701	28.569	-13.927
-37.632	30.996	-14.049
-36.971	31.388	-14.036
-37.558	30.874	-14.102
-36.902	31.276	-14.085
-37.414	30.403	-14.201
-37.396	30.12	-14.22
-37.32	29.999	-14.262
-38.121	29.263	-14.028
-37.404	29.359	-14.458
-36.577	29.207	-14.502
-37.561	28.884	-14.911
-38.039	28.548	-15.111
-38.607	28.188	-15.364
-38.667	27.383	-16.389
-38.094	27.491	-16.242
-38.396	27.26	-17.067
-37.865	27.388	-16.815
-37.945	28.022	-18.826
-38.4	27.974	-19.072
-39.187	27.125	-17.693
-39.421	27.128	-17.822
-39.23	27.936	-19.087
-39.883	28.328	-19.156
-40.354	29.458	-19.671
-40.016	29.205	-20.106
-40.154	30.123	-20.006
-39.847	29.768	-20.389
-39.044	30.867	-20.561
-38.706	31.12	-21.145
-39.533	31.411	-19.822
-38.964	31.45	-20.262
-38.626	31.703	-20.846
-38.597	32.111	-21.439
-38.581	31.826	-19.878
-38.243	32.079	-20.462
-39.334	32.051	-18.78
-38.789	32.346	-18.571
-39.548	32.02	-18.178
-39.004	32.315	-17.969
-38.158	32.102	-19.707
-38.018	32.247	-20.361
-38.102	32.153	-19.683
-37.961	32.298	-20.337
-37.635	32.894	-18.652
-37.249	33.366	-18.728
-37.079	33.933	-18.891
-37.424	33.004	-17.861
-37.084	33.452	-18.106
-36.895	34.03	-18.199
-37.435	32.909	-17.66
-37.055	33.355	-17.982
-36.86	33.972	-18.147
-37.432	32.909	-17.658
-37.053	33.355	-17.98
-36.858	33.972	-18.144
-37.309	32.881	-17.137
-36.82	33.281	-17.041
-37.283	32.721	-16.656
-36.793	33.115	-16.541
-37.352	32.418	-16.178
-36.935	32.606	-15.658
-37.449	32.314	-16.063
-37.037	32.497	-15.539
-36.477	33.286	-15.717
-36.232	33.671	-15.468
-36.024	33.912	-15.205
-35.879	34.509	-15.525
-35.846	34.038	-14.868
-35.685	34.645	-15.161
-35.718	34.061	-14.606
-35.449	34.68	-14.694
-35.587	34.039	-14.315
-35.307	34.655	-14.38
-35.574	33.98	-14.224
-35.255	34.523	-14.236
-35.671	33.395	-13.646
-35.287	33.827	-13.895
-34.979	34.375	-13.92
-34.802	34.944	-13.716
-34.888	33.614	-13.8
-34.595	34.171	-13.828
-34.478	33.295	-13.725
-33.853	33.616	-13.627
-33.395	33.999	-13.245
-34.243	32.98	-13.793
-33.733	33.455	-13.662
-33.16	33.684	-13.312
-34.024	32.403	-14.068
-34.031	32.091	-14.126
-34.965	30.852	-14.336
-35.426	31.306	-13.719
-35.504	30.771	-14.113
-35.525	30.116	-14.24
-36.089	30.84	-14.098
-36.21	30.922	-14.089
-36.409	31.012	-14.108
-34.67	30.761	-14.554
-34.151	30.573	-15.038
-34.068	30.548	-15.146
-33.671	30.997	-15.096
-33.783	30.456	-16.005
-33.405	30.91	-15.896
-34.104	29.953	-17.651
-34.652	29.329	-18.016
-35.137	28.359	-16.887
-35.547	28.193	-17.356
-35.602	28.094	-16.387
-36.012	27.928	-16.856
-37.278	27.54	-16.808
-36.724	27.69	-17.053
-36.35	28.345	-19.084
-36.754	28.292	-19.121
-37.153	28.213	-18.943
-37.407	28.151	-18.824
-37.721	28.129	-20.124
-37.022	28.173	-20.514
-37.902	28.631	-20.777
-37.986	28.958	-20.995
-37.12	29.055	-22.454
-37.144	29.106	-22.474
-37.956	29.172	-21.14
-37.98	29.224	-21.16
-38.371	29.531	-21.211
-38.123	29.863	-21.637
-39.179	29.514	-20.947
-38.776	29.877	-21.19
-38.514	30.196	-21.617
-38.432	30.421	-22.161
-38.942	30.331	-20.965
-38.674	30.633	-21.4
-38.911	30.428	-20.957
-38.658	30.826	-21.414
-38.922	30.523	-20.88
-38.67	30.928	-21.33
-37.533	29.803	-23.175
-37.543	29.883	-23.311
-37.963	32.765	-23.428
-37.688	32.654	-24.002
-37.463	33.271	-23.287
-37.189	33.159	-23.86
-35.755	33.633	-22.774
-35.246	33.846	-23.068
-34.858	34.28	-23.294
-34.657	34.86	-23.413
-35.724	33.631	-22.726
-35.24	33.846	-23.058
-34.855	34.28	-23.291
-34.636	34.858	-23.383
-35.64	33.653	-22.165
-35.085	33.876	-22.031
-34.652	34.305	-21.973
-34.411	34.868	-21.999
-35.672	33.662	-21.99
-35.101	33.881	-21.943
-34.667	34.309	-21.89
-34.441	34.876	-21.84
-36.017	33.709	-21.47
-35.734	33.969	-20.99
-35.481	34.425	-20.664
-36.037	33.713	-21.46
-35.751	33.972	-20.981
-35.501	34.429	-20.654
-36.268	33.76	-21.411
-36.177	34.049	-20.889
-36.052	34.517	-20.529
-36.58	33.791	-21.355
-36.426	34.074	-20.844
-36.325	34.545	-20.479
-36.892	33.752	-21.962
-37.083	33.544	-23.019
-37.175	33.578	-22.928
-37.269	33.622	-22.843
-38.099	32.998	-23.013
-38.075	33.094	-22.923
-38.059	33.197	-22.838
-38.429	32.846	-21.918
-38.367	32.96	-21.953
-38.316	33.079	-21.987
-37.655	33.357	-21.339
-37.173	33.484	-20.87
-36.899	33.829	-20.458
-36.845	34.275	-20.054
-37.213	33.257	-20.626
-36.931	33.648	-20.263
-36.88	34.076	-19.839
-37.554	32.642	-20.17
-37.832	32.399	-20.206
-37.198	33.154	-19.279
-36.992	33.805	-19.289
-37.258	33.176	-19.055
-37.052	33.828	-19.065
-36.816	34.31	-20.141
-36.874	33.897	-20.626
-37.184	33.584	-21.089
-36.419	34.516	-20.466
-36.605	34.036	-20.846
-36.818	33.773	-21.388
-35.205	35.303	-20.575
-34.687	35.452	-21.083
-35.209	35.699	-20.454
-34.691	35.869	-20.956
-35.432	36.177	-20.125
-35.632	36.436	-19.861
-36.814	35.752	-19.72
-36.883	36.074	-19.434
-37.2	35.334	-19.27
-37.239	35.689	-19.019
-37.22	34.954	-18.652
-37.256	35.34	-18.45
-36.522	34.328	-17.545
-36.539	34.249	-17.594
-36.505	34.563	-17.472
-36.426	34.747	-17.287
-36.227	34.837	-16.551
-36.117	34.757	-16.088
-36.102	34.626	-16.054
-36.043	34.593	-15.941
-35.088	37.202	-15.023
-35.394	37.166	-15.591
-34.16	38.17	-15.148
-34.14	38.122	-14.746
-34.106	37.923	-14.26
-34.282	37.017	-13.746
-33.839	37.661	-13.771
-33.652	38.364	-13.484
-33.33	37.416	-13.524
-32.913	36.888	-13.316
-32.873	36.733	-13.256
-33.068	36.068	-13.029
-33.569	35.249	-13.04
-33.628	35.118	-13.089
-33.629	34.611	-13.246
-32.404	36.377	-12.732
-31.985	35.803	-11.984
-31.785	36.337	-12.315
-31.641	36.978	-12.382
-31.073	36.116	-12.353
-30.788	35.02	-12.141
-30.358	35.371	-12.556
-30.235	34.567	-12.946
-30.604	33.909	-13.555
-31.893	33.376	-13.888
-32.145	32.95	-14.375
-31.988	33.397	-12.974
-32.285	33.263	-13.587
-32.537	32.838	-14.074
-32.691	32.212	-14.33
-32.756	33.419	-13.479
-33.008	32.993	-13.965
-31.97	33.006	-14.627
-31.596	33.486	-14.35
-31.842	33.032	-14.854
-31.46	33.514	-14.589
-31.784	33.013	-15.033
-31.379	33.492	-14.922
-30.83	33.755	-14.73
-31.793	33.261	-15.616
-31.385	33.677	-15.357
-30.838	34.004	-15.314
-32.103	33.365	-16.425
-31.924	33.863	-16.831
-31.487	34.226	-17.181
-32.24	33.211	-16.698
-32.037	33.736	-17.057
-31.647	34.047	-17.5
-32.398	33.01	-16.843
-32.787	32.688	-17.109
-32.903	32.667	-17.191
-32.976	32.613	-17.21
-33.228	31.901	-17.103
-33.539	31.629	-17.565
-33.616	31.382	-18.129
-33.26	31.551	-16.913
-33.564	31.356	-17.418
-33.648	31.032	-17.939
-33.343	31.266	-16.707
-33.419	30.912	-16.091
-33.751	30.741	-17.75
-33.939	30.245	-17.708
-33.643	31.834	-18.427
-33.505	32.453	-18.095
-33.647	31.989	-18.729
-33.51	32.621	-18.423
-33.674	32.063	-19.02
-33.572	32.75	-18.941
-33.673	32.064	-19.034
-33.571	32.752	-18.955
-33.326	31.604	-19.769
-32.949	31.933	-20.264
-33.31	31.579	-19.774
-32.932	31.906	-20.269
-33.28	31.485	-19.746
-32.907	31.723	-20.239
-32.384	32.04	-20.493
-33.177	31.07	-19.917
-32.827	31.401	-20.371
-32.271	31.585	-20.68
-33.171	31.018	-20.004
-32.781	31.298	-20.519
-33.421	30.235	-19.742
-33.303	30.688	-20.267
-32.924	30.94	-20.804
-32.367	30.934	-21.235
-33.594	30.504	-20.544
-33.24	30.74	-21.104
-34.124	30.064	-20.716
-34.181	29.955	-21.411
-34.401	29.803	-20.657
-34.447	29.706	-21.355
-34.954	29.232	-20.03
-35.147	29.103	-19.574
-35.112	29.076	-18.855
-34.884	29.177	-18.431
-35.665	28.728	-19.191
-36.232	28.381	-19.16
-35.077	29.229	-21.374
-35.168	29.116	-21.465
-35.373	28.964	-21.287
-35.105	29.027	-21.803
-35.555	28.804	-21.395
-35.3	28.855	-21.919
-35.752	28.628	-21.611
-35.569	28.433	-22.301
-36.357	28.465	-21.739
-36.146	28.278	-22.423
-36.525	28.493	-21.685
-36.428	28.414	-22.318
-37.135	28.964	-21.837
-37.038	28.884	-22.471
-36.729	27.867	-23.515
-36.393	27.591	-23.567
-36.731	27.926	-24.274
-36.395	27.646	-24.266
-36.216	28.581	-25.377
-36.934	28.685	-24.832
-36.678	28.967	-25.334
-36.632	29.128	-25.941
-36.857	29.521	-25.177
-37.217	30.021	-24.599
-37.355	30.001	-24.379
-37.347	29.877	-24.325
-37.486	29.791	-23.639
-36.99	30.263	-25.215
-36.777	30.885	-25.617
-36.65	31.1	-25.658
-36.582	31.242	-25.669
-37.564	32.099	-24.839
-37.43	32.325	-24.791
-36.476	31.301	-25.746
-36.116	31.712	-25.771
-36.605	33.289	-24.267
-36.048	33.562	-24.311
-35.042	34.163	-24.352
-34.729	34.769	-24.364
-35.058	34.213	-23.487
-34.744	34.818	-23.535
-34.581	34.776	-24.584
-34.748	34.171	-24.73
-34.248	34.79	-24.925
-34.374	34.187	-25.113
-34.2	36.241	-24.958
-33.901	36.302	-25.145
-34.163	36.801	-24.372
-33.857	36.971	-24.444
-33.672	37.057	-23.191
-33.404	37.534	-22.788
-33.422	38.115	-22.434
-33.675	37.052	-23.183
-33.406	37.532	-22.784
-33.425	38.11	-22.426
-33.95	36.782	-22.955
-34.599	36.205	-23.36
-34.366	36.226	-22.775
-34.378	36.337	-22.156
-34.388	35.511	-22.735
-33.645	37.517	-22.184
-33.594	38.099	-22.117
-33.757	37.507	-21.977
-33.698	38.089	-21.925
-33.822	37.488	-21.845
-33.82	38.055	-21.682
-33.967	37.382	-21.472
-33.965	37.949	-21.31
-34.353	36.933	-20.96
-34.573	36.433	-20.91
-34.593	36.284	-20.915
-34.604	36.226	-20.913
-34.295	37.85	-20.65
-34.449	38.06	-20.396
-34.526	38.157	-20.224
-34.591	38.327	-19.696
-35.692	36.979	-19.234
-35.697	36.6	-19.696
-35.76	36.979	-19.111
-35.691	37.038	-18.304
-35.809	36.919	-17.784
-36.224	36.603	-17.402
-36.285	36.515	-17.301
-36.914	36.002	-17.723
-36.525	36.04	-17.153
-36.429	36.146	-16.477
-36.458	35.492	-17.116
-34.182	38.014	-16.239
-33.854	38.528	-15.926
-34.431	37.837	-15.632
-34.083	38.365	-15.365
-33.684	38.603	-16.139
-33.883	38.15	-16.622
-33.543	38.687	-16.275
-33.742	38.233	-16.758
-32.676	40.435	-15.981
-32.484	40.759	-15.347
-31.869	40.308	-13.932
-32.012	40.012	-13.582
-33.344	39.929	-13.963
-33.341	39.645	-13.631
-33.838	39.52	-14.249
-33.795	39.268	-13.894
-34.074	38.228	-14.649
-34.082	38.231	-14.687
-34.069	38.123	-14.431
-34.052	38.044	-14.239
-32.042	39.85	-13.4
-32.044	39.789	-13.318
-32.013	39.718	-13.192
-32.765	39.199	-13.057
-32.051	39.317	-12.895
-31.516	39.542	-12.433
-31.948	38.831	-12.834
-32.221	38.143	-12.943
-32.672	37.68	-13.171
-31.517	38.329	-12.623
-31.326	38.228	-12.488
-31.325	38.092	-12.485
-30.754	37.737	-12.343
-30.417	37.686	-12.287
-30.296	37.512	-12.296
-30.172	37.428	-12.288
-30.026	37.174	-12.365
-30.217	36.511	-12.599
-29.739	37.012	-12.386
-29.743	36.21	-12.86
-29.314	36.741	-12.62
-29.285	36.057	-13.181
-29.056	36.664	-12.81
-29.095	36.049	-13.282
-28.876	36.656	-12.906
-29.018	36.004	-13.357
-28.763	36.593	-13.073
-28.644	36.054	-13.855
-28.357	36.647	-13.613
-28.562	36.05	-14.087
-28.226	36.644	-14.032
-27.686	37.03	-13.864
-28.544	36.046	-14.139
-28.217	36.642	-14.06
-27.67	37.026	-13.912
-28.506	36.126	-14.174
-28.075	36.759	-14.099
-28.661	36.312	-14.846
-28.23	36.945	-14.77
-28.999	36.282	-15.262
-29.076	36.256	-15.381
-29.132	36.328	-15.471
-29.037	36.989	-15.773
-28.664	37.459	-16.194
-29.216	36.302	-15.563
-29.091	36.972	-15.832
-28.767	37.427	-16.307
-29.577	35.64	-16.125
-29.728	35.805	-16.822
-29.575	35.63	-16.128
-29.726	35.794	-16.825
-29.523	35.517	-16.102
-29.677	35.578	-16.76
-29.539	35.734	-17.405
-29.63	35.034	-16.171
-29.756	35.221	-16.811
-29.657	35.202	-17.481
-29.722	34.965	-16.223
-29.886	35.071	-16.929
-30.435	34.59	-16.072
-30.662	34.663	-16.765
-30.014	34.513	-17.941
-29.594	34.553	-18.323
-30.331	34.207	-18.355
-29.888	34.268	-18.708
-30.91	33.99	-19.429
-31.0	33.687	-19.945
-30.985	33.212	-20.322
-31.506	33.956	-19.36
-31.503	33.658	-19.887
-31.55	33.181	-20.257
-32.277	33.888	-18.413
-32.178	33.865	-18.206
-32.101	33.858	-18.07
-31.879	33.92	-17.637
-32.953	33.522	-18.82
-32.843	33.508	-19.444
-32.548	33.323	-19.974
-32.122	33.002	-20.316
-32.996	33.478	-18.828
-32.859	33.491	-19.447
-32.563	33.309	-19.977
-32.16	32.963	-20.323
-32.903	33.443	-19.47
-32.596	33.268	-19.992
-32.178	32.94	-20.33
-32.977	33.374	-19.492
-32.657	33.212	-20.01
-32.247	32.875	-20.351
-33.103	33.208	-19.612
-32.826	32.846	-20.19
-33.115	33.198	-19.611
-32.838	32.836	-20.189
-30.725	33.441	-20.299
-30.403	33.433	-20.461
-29.804	32.731	-20.922
-29.695	31.973	-21.352
-29.685	31.841	-21.507
-29.699	31.751	-21.604
-30.776	31.192	-21.54
-30.423	31.032	-22.008
-31.437	31.186	-21.235
-31.973	31.004	-21.322
-32.658	30.308	-23.244
-32.857	30.254	-23.058
-33.098	30.194	-22.774
-33.212	30.195	-22.522
-33.264	30.214	-22.376
-33.461	30.324	-21.97
-33.696	29.084	-23.247
-33.303	29.22	-23.748
-34.307	28.679	-22.838
-34.672	28.002	-23.144
-34.096	28.532	-23.923
-34.61	27.86	-24.374
-34.298	28.346	-24.611
-33.834	28.631	-24.92
-34.824	28.412	-25.128
-35.217	28.443	-25.362
-36.025	28.448	-25.325
-35.331	29.222	-26.949
-35.002	29.481	-27.075
-35.842	29.698	-27.125
-35.557	29.998	-27.266
-36.308	30.184	-26.87
-36.063	30.527	-26.989
-34.116	29.745	-26.824
-33.649	29.688	-26.442
-33.491	30.902	-26.597
-32.812	31.202	-26.565
-33.656	31.261	-26.599
-32.986	31.58	-26.568
-34.119	31.638	-26.648
-34.827	31.97	-26.56
-34.008	34.093	-25.393
-33.788	34.662	-25.267
-34.262	34.154	-25.211
-34.035	34.721	-25.091
-33.722	34.593	-25.315
-33.909	33.977	-25.521
-33.447	34.54	-25.424
-33.657	33.928	-25.621
-33.275	35.929	-25.601
-32.96	35.846	-25.747
-32.9	36.553	-25.455
-32.646	36.368	-25.625
-32.296	36.847	-25.137
-32.141	36.614	-25.359
-31.145	36.491	-24.534
-31.146	36.504	-24.519
-32.17	37.219	-24.439
-31.836	37.347	-23.975
-32.789	37.571	-23.535
-32.806	37.945	-23.07
-32.809	38.47	-22.788
-33.51	37.271	-23.123
-33.357	37.716	-22.755
-33.432	38.211	-22.432
-32.674	38.446	-22.792
-32.558	37.91	-23.107
-32.417	38.483	-22.748
-32.27	37.951	-23.057
-31.872	39.053	-22.613
-31.76	39.834	-22.263
-33.016	40.147	-22.253
-33.014	40.394	-21.994
-33.623	39.883	-22.164
-33.739	40.078	-21.888
-33.944	39.309	-22.051
-34.123	39.393	-21.753
-31.689	39.958	-22.129
-31.681	39.971	-22.118
-32.438	40.765	-21.517
-31.893	40.873	-21.329
-32.724	41.005	-20.925
-32.201	41.13	-20.692
-33.028	40.959	-20.297
-32.528	41.081	-20.017
-33.739	40.709	-20.415
-33.977	40.556	-20.198
-34.175	40.283	-20.947
-34.342	40.199	-20.643
-34.429	39.533	-21.117
-34.554	39.572	-20.785
-33.091	40.495	-19.271
-33.86	40.068	-19.253
-33.338	40.077	-18.902
-32.986	40.219	-18.4
-33.421	39.49	-18.756
-33.833	38.775	-18.845
-33.889	38.259	-18.3
-33.93	38.737	-18.892
-33.991	38.219	-18.35
-34.075	38.824	-19.051
-34.175	38.323	-18.734
-34.525	38.599	-19.661
-34.676	38.072	-19.414
-33.549	38.344	-17.855
-33.188	38.863	-18.076
-33.492	38.36	-17.724
-33.129	38.879	-17.938
-33.591	38.269	-17.098
-33.272	38.656	-16.799
-33.66	38.242	-16.992
-33.345	38.627	-16.684
-32.863	39.325	-17.303
-32.599	39.958	-17.145
-32.428	40.275	-17.228
-32.361	40.423	-17.268
-32.294	40.554	-17.249
-31.974	41.304	-16.772
-31.993	40.949	-17.448
-32.257	40.895	-18.163
-31.513	41.145	-17.581
-31.225	41.258	-17.474
-31.054	41.325	-17.434
-31.171	41.855	-16.212
-30.91	41.877	-16.153
-31.58	41.694	-15.631
-31.436	41.669	-15.406
-29.69	41.645	-16.272
-28.741	41.486	-16.791
-30.193	41.716	-15.155
-29.824	41.574	-14.701
-29.905	41.108	-13.45
-29.83	41.34	-14.024
-29.542	40.855	-12.849
-28.971	40.733	-12.571
-29.877	40.486	-12.322
-29.306	40.365	-12.044
-30.717	40.505	-12.566
-30.858	40.329	-12.423
-28.96	40.942	-13.655
-28.321	40.657	-14.338
-27.964	40.4	-14.59
-27.935	40.504	-15.19
-27.631	40.195	-14.609
-27.601	40.299	-15.209
-27.558	40.149	-14.842
-27.375	39.98	-14.84
-26.854	39.827	-13.106
-26.297	39.31	-13.433
-26.789	39.444	-12.547
-26.246	39.012	-12.998
-26.85	38.87	-12.186
-26.294	38.565	-12.717
-27.027	38.219	-12.095
-26.432	38.059	-12.647
-27.284	37.62	-12.292
-26.631	37.593	-12.8
-27.57	37.192	-12.738
-26.854	37.261	-13.147
-26.648	39.204	-14.838
-26.838	39.46	-15.355
-26.599	39.066	-14.925
-26.789	39.321	-15.442
-26.613	39.032	-15.003
-26.773	39.28	-15.601
-26.669	38.429	-15.196
-26.835	38.602	-15.819
-26.453	37.621	-14.595
-26.792	37.639	-14.87
-26.725	37.24	-14.229
-27.088	37.225	-14.473
-26.852	38.517	-15.708
-27.019	37.69	-15.104
-27.252	38.009	-15.786
-27.24	38.01	-16.575
-27.848	37.752	-15.725
-28.372	37.283	-15.14
-28.372	37.266	-15.121
-28.598	37.481	-15.967
-28.677	37.436	-16.068
-26.845	39.458	-15.247
-27.152	39.812	-15.034
-28.3	40.79	-15.269
-28.84	41.218	-15.706
-27.352	41.058	-17.882
-27.206	40.843	-18.389
-26.864	40.708	-17.623
-26.753	40.518	-18.148
-26.536	40.191	-17.395
-26.448	40.038	-17.937
-26.41	39.573	-17.227
-26.331	39.462	-17.78
-26.502	38.932	-17.14
-26.416	38.867	-17.699
-26.8	38.35	-17.145
-26.693	38.326	-17.704
-27.266	37.903	-17.242
-27.127	37.91	-17.794
-28.397	37.346	-17.822
-28.708	36.766	-18.182
-28.738	37.282	-17.438
-29.037	36.704	-17.812
-28.917	37.305	-17.232
-29.355	36.752	-17.454
-28.92	37.305	-17.227
-29.358	36.752	-17.449
-28.586	36.753	-18.42
-28.213	37.338	-18.258
-28.424	36.845	-19.121
-28.051	37.429	-18.959
-28.398	37.002	-19.303
-28.405	37.008	-19.382
-28.433	36.952	-19.736
-28.438	36.92	-19.824
-28.375	35.994	-20.303
-28.562	35.037	-20.295
-28.872	34.511	-20.152
-28.64	33.972	-20.669
-29.5	34.059	-20.023
-29.204	33.566	-20.552
-29.644	33.807	-20.364
-29.297	33.384	-20.676
-29.73	33.763	-20.403
-29.374	33.345	-20.711
-28.176	34.184	-21.076
-27.907	34.185	-21.288
-27.737	32.725	-21.066
-27.48	32.633	-21.296
-28.21	32.117	-21.098
-28.046	31.906	-21.334
-27.765	34.217	-21.427
-27.385	34.437	-22.099
-26.94	33.065	-21.867
-26.723	33.047	-22.15
-26.957	32.243	-22.03
-26.737	32.359	-22.286
-27.13	31.703	-22.647
-26.882	31.907	-22.802
-27.707	31.312	-23.022
-28.072	31.102	-23.426
-28.088	31.169	-22.569
-28.482	30.949	-22.939
-28.505	31.242	-22.131
-28.93	31.027	-22.467
-30.038	30.862	-22.447
-29.451	30.895	-22.582
-30.168	30.633	-23.067
-29.581	30.666	-23.202
-30.167	30.675	-24.281
-30.169	30.675	-24.281
-30.761	30.538	-23.342
-31.132	30.437	-23.794
-32.022	30.106	-24.904
-32.258	30.117	-24.003
-32.307	30.174	-23.871
-32.38	30.246	-23.698
-33.427	28.851	-24.328
-33.199	28.915	-24.453
-33.453	28.895	-25.427
-33.22	28.949	-25.308
-32.281	30.319	-25.879
-33.196	30.098	-26.343
-32.55	30.617	-26.303
-31.833	30.873	-26.631
-32.844	31.07	-26.524
-32.225	30.253	-25.747
-31.984	30.191	-25.228
-31.279	30.5	-26.09
-30.715	30.415	-26.197
-31.375	30.791	-26.67
-30.818	30.729	-26.821
-31.464	31.283	-27.095
-30.914	31.258	-27.278
-31.534	31.902	-27.301
-30.989	31.924	-27.5
-31.574	32.556	-27.258
-31.032	32.627	-27.454
-31.579	33.147	-26.973
-31.037	33.262	-27.147
-31.742	34.021	-25.998
-31.945	34.63	-25.766
-32.21	33.855	-25.924
-32.373	34.478	-25.698
-32.882	33.208	-26.163
-32.329	32.75	-26.83
-32.969	32.732	-26.521
-33.672	32.84	-26.518
-33.047	32.138	-26.567
-33.032	31.989	-26.553
-33.029	31.938	-26.549
-33.317	33.836	-25.682
-32.99	34.468	-25.541
-33.502	33.922	-25.641
-33.174	34.555	-25.499
-31.686	34.676	-25.752
-31.283	34.112	-26.038
-31.195	34.936	-25.473
-30.72	34.408	-25.719
-30.952	35.624	-25.047
-31.118	36.371	-24.685
-30.276	34.956	-25.051
-30.196	34.451	-25.5
-29.744	34.899	-24.846
-29.597	34.386	-25.269
-29.549	34.903	-24.676
-29.262	34.385	-24.944
-29.333	34.907	-24.435
-29.027	34.389	-24.683
-29.177	34.818	-24.283
-29.104	34.848	-24.149
-28.938	35.567	-23.652
-28.979	35.899	-23.607
-30.214	37.478	-23.081
-30.235	38.055	-22.825
-30.682	37.541	-23.224
-30.666	38.113	-22.957
-31.134	37.669	-23.252
-30.914	38.183	-22.975
-31.748	37.906	-23.118
-31.463	38.395	-22.855
-29.952	37.844	-22.728
-29.913	37.853	-22.708
-29.437	38.671	-22.555
-29.41	39.201	-22.543
-30.194	40.494	-21.855
-29.601	40.581	-21.747
-30.785	40.583	-21.72
-31.267	40.789	-21.425
-30.163	40.981	-19.956
-30.166	40.983	-19.947
-32.19	41.132	-19.52
-32.102	41.099	-18.95
-29.767	41.345	-18.969
-29.277	41.254	-19.287
-28.87	41.13	-19.838
-28.921	41.038	-20.437
-28.163	40.898	-19.862
-28.214	40.805	-20.461
-27.873	40.842	-19.466
-27.429	40.75	-19.062
-27.478	40.268	-19.886
-27.196	39.799	-19.99
-27.185	39.629	-20.193
-26.671	39.033	-19.412
-27.019	38.949	-20.109
-26.967	38.821	-20.881
-27.291	38.311	-19.982
-27.324	38.216	-19.736
-27.674	37.852	-19.497
-27.93	37.242	-20.784
-27.921	36.671	-21.059
-28.126	37.103	-20.52
-28.102	36.543	-20.813
-27.81	36.713	-21.242
-27.736	37.318	-21.124
-27.464	36.215	-21.885
-27.646	36.796	-21.767
-27.573	37.401	-21.649
-27.256	37.926	-21.551
-27.7	36.372	-22.541
-27.83	36.918	-22.278
-27.757	37.523	-22.159
-27.492	38.083	-22.207
-28.289	37.031	-22.571
-28.215	37.636	-22.453
-28.626	37.209	-22.667
-28.395	37.732	-22.518
-29.287	37.551	-22.71
-29.011	38.05	-22.559
-27.482	39.995	-21.434
-27.719	40.293	-21.095
-27.943	40.068	-21.952
-28.265	40.379	-21.708
-28.409	39.783	-22.386
-28.816	40.042	-22.222
-28.545	34.827	-23.647
-28.208	34.668	-23.5
-27.957	34.691	-23.287
-27.711	34.666	-23.093
-27.591	34.526	-23.055
-27.327	34.34	-22.25
-27.632	33.616	-24.23
-26.877	33.155	-23.907
-27.254	33.045	-24.389
-27.416	33.015	-24.989
-26.814	32.454	-23.802
-27.192	32.352	-24.286
-27.341	32.178	-24.864
-27.468	31.794	-23.958
-28.468	33.821	-25.741
-28.835	33.829	-26.195
-28.123	33.389	-25.996
-28.463	33.364	-26.47
-27.888	32.837	-26.106
-28.211	32.771	-26.588
-27.795	32.237	-26.056
-28.111	32.125	-26.535
-27.856	31.666	-25.854
-28.176	31.511	-26.317
-28.061	31.197	-25.524
-28.397	31.006	-25.962
-28.385	30.89	-25.109
-28.746	30.676	-25.516
-28.181	31.019	-24.528
-28.269	30.98	-23.946
-27.815	37.425	-11.995
-28.048	37.354	-11.884
-28.155	38.068	-11.368
-28.312	37.853	-11.396
-29.091	38.268	-11.303
-29.04	38.009	-11.346
-34.79	29.503	-21.267
-34.683	29.586	-21.245
-34.711	35.325	-21.029
-34.697	35.263	-21.044
-37.549	29.788	-23.027
-37.428	29.585	-22.707
-39.631	31.954	-18.84
-39.89	31.887	-18.83
-40.067	31.224	-19.652
-40.229	31.319	-19.461
-42.563	31.023	-16.891
-42.838	31.143	-16.371
-40.254	31.963	-12.582
-40.048	31.892	-12.504
-40.254	31.172	-12.166
-40.048	31.276	-12.181
-39.552	30.625	-12.246
-39.502	30.851	-12.243
-38.85	30.869	-12.742
-38.956	31.041	-12.629
-38.85	31.66	-13.158
-38.956	31.656	-12.952
-37.389	29.251	-21.714
-37.641	32.028	-15.389
-36.595	33.935	-17.678
-36.92	33.204	-17.479
-36.843	32.73	-16.055
-34.024	34.2	-13.706
-33.451	32.928	-14.069
-37.516	29.557	-21.844
-38.003	29.529	-21.334
-34.311	35.108	-22.483
-34.425	34.534	-22.483
-34.425	34.821	-22.981
-34.75	34.091	-22.782
-35.237	33.723	-22.483
-34.53	34.853	-21.412
-34.855	34.445	-21.107
-34.855	34.122	-21.61
-35.342	33.891	-21.308
-36.98	33.298	-19.888
-37.305	32.854	-20.187
-36.339	35.203	-17.053
-31.501	33.614	-13.881
-31.194	34.565	-16.547
-31.194	34.428	-15.946
-31.68	34.24	-16.547
-31.68	34.071	-15.974
-32.005	33.466	-16.05
-33.229	32.216	-17.192
-33.554	32.062	-17.66
-33.24	32.636	-19.968
-33.565	31.908	-19.5
-33.565	32.482	-19.5
-33.463	30.531	-21.656
-33.95	30.343	-21.054
-33.95	30.175	-21.628
-36.92	29.914	-25.055
-34.026	37.458	-21.149
-28.744	36.69	-15.017
-29.318	37.131	-16.693
-29.318	36.962	-16.119
-29.643	36.644	-16.693
-29.643	36.357	-16.195
-29.643	36.357	-17.19
-31.81	33.616	-19.979
-31.81	33.941	-19.492
-32.384	33.941	-18.918
-32.384	33.804	-19.52
-29.674	33.195	-20.817
-32.034	38.426	-22.717
-33.437	38.803	-18.512
-32.961	38.964	-17.362
-28.258	37.542	-15.431
-28.418	36.686	-20.269
-28.528	34.606	-20.718
-32.469	33.551	-25.955
-30.817	34.81	-25.284
-29.312	38.308	-22.505
-44.069	30.476	-15.435
-44.069	29.576	-14.915
-44.069	29.276	-15.435
-44.069	29.576	-15.955
-44.069	30.176	-15.955
-44.23	29.876	-15.435
-42.231	31.799	-12.292
-42.231	31.252	-12.028
-42.855	32.178	-12.767
-42.855	31.799	-12.292
-42.855	31.252	-12.028
-42.855	30.644	-12.028
-43.416	32.043	-13.359
-43.416	31.869	-12.767
-43.416	31.403	-12.363
-43.416	30.792	-12.276
-43.416	30.231	-12.532
-43.804	31.555	-13.359
-43.804	31.252	-12.833
-43.804	30.644	-12.833
-43.943	30.948	-13.359
-41.727	29.556	-12.465
-41.727	29.09	-12.837
-41.727	28.754	-13.329
-42.345	29.268	-12.798
-42.345	28.883	-13.292
-41.42	27.659	-15.519
-41.42	27.483	-16.089
-42.038	27.788	-15.482
-42.038	27.585	-16.074
-42.237	27.715	-17.962
-42.237	28.094	-18.437
-42.237	28.641	-18.701
-42.798	27.895	-17.678
-42.798	28.228	-18.197
-42.798	28.789	-18.453
-42.798	29.4	-18.366
-43.186	28.338	-17.37
-43.186	28.641	-17.896
-43.186	29.249	-17.896
-42.596	30.605	-17.531
-41.727	32.208	-15.324
-42.345	32.355	-14.815
-42.903	32.051	-14.816
-39.128	30.041	-12.604
-39.686	32.562	-14.099
-39.686	32.459	-13.481
-39.686	29.896	-12.357
-39.686	29.372	-12.7
-40.304	32.66	-14.099
-40.304	32.571	-13.509
-40.304	30.215	-12.149
-40.304	29.66	-12.367
-40.304	29.194	-12.739
-40.304	28.858	-13.231
-40.304	32.571	-14.689
-38.923	28.515	-14.185
-39.541	28.386	-14.222
-38.557	27.211	-17.617
-38.557	27.414	-18.209
-39.175	27.285	-16.436
-39.175	27.109	-17.006
-40.132	30.742	-19.9
-40.292	31.774	-18.561
-40.292	31.609	-19.123
-35.313	32.678	-13.271
-35.313	32.07	-13.271
-35.937	32.678	-13.271
-35.937	32.07	-13.271
-36.498	33.295	-14.01
-34.037	29.438	-16.196
-34.321	29.468	-15.178
-34.321	29.038	-15.608
-34.321	28.88	-16.196
-34.321	29.038	-16.784
-34.763	29.437	-14.701
-34.763	28.912	-15.052
-34.763	28.561	-15.577
-34.763	28.438	-16.196
-34.763	28.561	-16.815
-35.321	29.292	-14.454
-35.321	28.768	-14.797
-35.321	28.383	-15.291
-35.321	28.18	-15.883
-35.939	29.611	-14.246
-35.939	29.056	-14.464
-35.939	28.59	-14.836
-35.939	28.254	-15.328
-37.603	27.555	-16.154
-36.278	27.792	-17.604
-39.033	28.206	-20.218
-39.033	28.585	-20.693
-39.594	28.719	-20.453
-39.594	29.28	-20.709
-38.674	32.375	-22.177
-38.674	31.448	-22.712
-38.674	32.066	-22.712
-38.772	31.757	-22.177
-36.736	35.484	-19.986
-34.232	36.335	-13.397
-34.79	36.487	-13.746
-35.232	36.456	-14.223
-31.034	34.638	-11.868
-31.034	34.077	-12.124
-31.595	35.098	-11.62
-31.595	34.49	-11.62
-31.595	33.943	-11.884
-31.595	33.564	-12.359
-32.219	35.098	-11.62
-32.219	34.49	-11.62
-32.219	33.943	-11.884
-32.219	33.564	-12.359
-32.78	35.249	-11.955
-32.78	34.638	-11.868
-32.78	34.077	-12.124
-32.005	31.896	-15.573
-32.005	32.199	-16.099
-32.393	31.786	-14.746
-32.393	31.453	-15.265
-32.393	31.453	-15.881
-32.393	31.786	-16.4
-32.954	31.652	-14.506
-33.376	30.364	-18.675
-33.376	30.061	-19.201
-33.764	29.618	-18.893
-33.764	29.618	-19.509
-36.277	28.13	-20.359
-37.322	28.455	-23.805
-37.322	28.758	-24.331
-37.931	31.121	-24.632
-37.931	31.721	-24.632
-34.709	36.377	-23.987
-34.709	36.077	-24.507
-37.831	33.65	-22.197
-36.723	36.752	-18.578
-36.723	36.587	-19.14
-37.162	36.313	-18.578
-37.162	36.013	-18.058
-36.289	36.273	-15.815
-35.503	37.402	-16.567
-33.529	40.248	-14.903
-33.529	40.074	-14.311
-33.529	40.074	-15.495
-33.917	39.76	-14.903
-33.348	39.184	-13.225
-33.348	38.604	-13.141
-33.787	39.052	-13.65
-28.649	34.812	-13.983
-28.649	34.509	-14.509
-28.649	34.812	-15.035
-29.037	34.96	-13.426
-29.037	34.399	-13.682
-29.037	34.066	-14.201
-29.037	34.066	-14.817
-29.037	34.399	-15.336
-29.598	33.886	-13.917
-29.598	33.751	-14.509
-29.598	33.886	-15.101
-31.151	32.194	-20.486
-31.151	31.643	-20.76
-34.952	27.715	-23.073
-34.952	27.399	-23.565
-34.952	27.399	-24.151
-35.552	27.498	-23.062
-35.552	27.231	-23.571
-35.552	27.231	-24.145
-35.552	27.498	-24.654
-36.152	27.399	-24.151
-35.641	28.907	-26.743
-36.241	29.124	-26.732
-36.241	29.657	-26.976
-36.68	29.505	-26.467
-34.745	30.1	-27.354
-34.745	30.708	-27.354
-35.369	30.708	-27.354
-35.369	31.255	-27.09
-35.93	30.859	-27.019
-35.283	33.187	-25.707
-32.517	37.274	-24.585
-33.107	36.95	-25.108
-33.107	37.274	-24.585
-32.864	39.875	-22.529
-33.464	39.625	-22.486
-33.091	40.883	-21.298
-33.646	40.667	-21.292
-34.102	40.328	-19.658
-34.541	40.054	-20.22
-34.541	39.754	-19.7
-34.702	39.454	-20.22
-31.806	41.699	-16.111
-30.003	41.815	-15.906
-30.621	41.824	-15.316
-30.551	40.938	-13.181
-31.109	40.634	-13.18
-31.1	39.801	-12.102
-31.1	39.221	-12.018
-26.984	39.873	-12.563
-26.984	39.443	-12.133
-27.426	40.473	-13.151
-27.426	40.35	-12.532
-27.426	39.999	-12.007
-27.426	39.474	-11.656
-27.426	38.855	-11.533
-27.426	38.236	-11.656
-27.984	40.757	-13.151
-27.984	40.654	-12.533
-27.984	40.356	-11.983
-27.984	39.895	-11.559
-27.984	39.322	-11.307
-27.984	38.698	-11.255
-28.602	40.766	-12.561
-28.602	40.507	-12.024
-28.602	40.102	-11.587
-28.602	39.586	-11.289
-28.602	39.004	-11.157
-29.22	39.895	-11.559
-29.22	39.322	-11.307
-29.22	38.698	-11.255
-28.706	37.728	-11.367
-28.706	37.256	-11.693
-25.7	38.313	-13.722
-25.861	38.913	-13.722
-25.861	38.613	-13.202
-25.861	38.013	-13.202
-25.861	37.713	-13.722
-25.861	38.013	-14.242
-25.861	38.613	-14.242
-26.3	37.632	-12.937
-26.3	37.316	-13.429
-26.3	37.316	-14.015
-26.505	39.85	-16.582
-26.789	40.717	-17.117
-26.789	40.559	-16.529
-27.231	41.159	-17.117
-27.231	41.036	-16.498
-27.789	41.443	-17.117
-27.789	41.34	-16.499
-27.789	41.34	-17.735
-28.407	41.541	-17.117
-28.548	35.56	-18.769
-28.843	35.135	-18.447
-28.843	34.803	-18.965
-27.989	32.794	-20.854
-28.589	32.516	-20.761
-27.546	31.644	-21.849
-27.546	31.395	-22.408
-28.101	31.412	-21.833
-33.751	28.881	-25.694
-32.136	31.984	-27.1
-34.01	33.161	-26.412
-31.781	36.059	-25.664
-32.381	35.772	-25.91
-29.832	35.988	-24.622
-30.672	39.663	-22.76
-31.588	41.318	-20.108
-31.588	40.97	-21.235
-31.588	41.229	-20.698
-30.207	41.484	-18.382
-30.207	41.395	-18.972
-26.238	39.311	-18.313
-26.341	39.892	-18.313
-26.341	38.73	-18.313
-26.341	39.02	-18.817
-26.341	39.602	-18.817
-26.636	38.263	-18.005
-26.636	38.263	-18.621
-26.636	40.23	-18.904
-27.088	37.871	-18.619
-27.088	40.656	-18.912
-27.288	35.544	-21.994
-27.427	35.848	-22.52
-27.815	35.999	-22.99
-26.377	32.87	-22.974
-26.538	33.47	-22.974
-26.538	33.17	-22.454
-26.538	32.57	-22.454
-26.538	32.27	-22.974
-26.538	32.57	-23.494
-26.538	33.17	-23.494
-27.421	32.162	-25.399
-27.421	32.744	-25.399
-27.716	31.405	-25.203
-27.716	33.372	-25.486
-28.168	33.798	-25.494
-28.751	30.738	-23.289
-28.353	31.642	-26.824
-28.353	32.23	-26.982
-28.795	30.735	-26.425
-28.795	31.086	-26.95
-28.795	31.611	-27.301
-28.795	32.23	-27.424
-28.795	32.849	-27.301
-28.795	33.374	-26.95
-29.353	30.354	-25.493
-29.353	30.354	-26.119
-29.353	30.557	-26.711
-29.353	30.942	-27.205
-29.353	31.466	-27.548
-29.353	32.073	-27.702
-29.353	32.697	-27.65
-29.353	33.27	-27.398
-29.353	33.731	-26.974
-29.353	34.029	-26.424
-29.971	30.252	-25.508
-29.971	30.252	-26.104
-29.971	30.428	-26.674
-29.971	30.764	-27.166
-29.971	31.23	-27.538
-29.971	31.785	-27.756
-29.971	32.379	-27.8
-29.971	32.961	-27.668
-29.971	33.477	-27.37
-29.971	33.882	-26.933
-30.589	31.466	-27.548
-30.589	32.073	-27.702
-30.589	32.697	-27.65
-30.589	33.27	-27.398
-30.589	33.731	-26.974
-32.982	28.991	-25.123
-26.886	38.852	-21.348
-27.025	39.459	-21.348
-27.025	38.245	-21.348
-27.025	38.548	-21.874
-27.025	39.156	-21.874
-27.413	38.696	-22.431
-27.413	39.307	-22.344
-27.413	39.773	-21.94
-27.974	38.548	-22.679
-27.974	39.156	-22.679
-27.974	39.703	-22.415
-28.565	40.856	-21.139
-29.183	40.304	-22.085
-29.183	40.709	-21.648
-29.183	40.968	-21.111
-39.313	31.485	-12.407
